,tweet_id,favorites,retweets
0,892420643555336193,38706,8563
1,892177421306343426,33175,6299
2,891815181378084864,24977,4180
3,891689557279858688,42112,8695
4,891327558926688256,40249,9456
5,891087950875897856,20180,3133
6,890971913173991426,11824,2086
7,890729181411237888,65396,19001
8,890609185150312448,27738,4285
9,890240255349198849,31883,7454
10,890006608113172480,30598,7373
11,889880896479866881,27734,4998
12,889665388333682689,48026,10112
13,889638837579907072,27120,4568
14,889531135344209921,15073,2245
15,889278841981685760,25257,5458
16,888917238123831296,29021,4518
17,888804989199671297,25547,4367
18,888554962724278272,19863,3598
19,888078434458587136,21712,3511
20,887705289381826560,30129,5418
21,887517139158093824,46147,11726
22,887473957103951883,69000,18325
23,887343217045368832,33624,10459
24,887101392804085760,30474,5991
25,886983233522544640,35083,7813
26,886736880519319552,12045,3312
27,886680336477933568,22377,4493
28,886366144734445568,21155,3212
29,886267009285017600,116,4
30,886258384151887873,27918,6319
31,886054160059072513,0,104
32,885984800019947520,32644,6844
33,885528943205470208,35928,6467
34,885518971528720385,20383,3778
35,885311592912609280,0,18664
36,885167619883638784,21900,4403
37,884925521741709313,77435,18546
38,884876753390489601,27894,5816
39,884562892145688576,24252,4894
40,884441805382717440,26942,5674
41,884247878851493888,72882,20552
42,884162670584377345,20344,3003
43,883838122936631299,21856,3462
44,883482846933004288,45880,10023
45,883360690899218434,22524,3698
46,883117836046086144,37158,6710
47,882992080364220416,23914,3944
48,882762694511734784,28265,4950
49,882627270321602560,27861,6130
50,882268110199369728,44922,11679
51,882045870035918850,29300,5013
52,881906580714921986,24245,3418
53,881666595344535552,50488,10748
54,881633300179243008,128,7
55,881536004380872706,49374,16087
56,881268444196462592,23031,5190
57,880935762899988482,16980,2794
58,880872448815771648,21277,3844
59,880465832366813184,28485,6331
60,880221127280381952,27025,4265
61,880095782870896641,27577,4387
62,879862464715927552,22266,3520
63,879674319642796034,311,10
64,879492040517615616,23375,3205
65,879415818425184262,105743,44536
66,879376492567855104,16748,3140
67,879130579576475649,0,6896
68,879050749262655488,22548,4748
69,879008229531029506,18939,2715
70,878776093423087618,19370,4163
71,878604707211726852,30241,7295
72,878404777348136964,0,1307
73,878316110768087041,0,6703
74,878281511006478336,7747,1307
75,878057613040115712,42006,6896
76,877736472329191424,79864,19321
77,877611172832227328,0,81
78,877556246731214848,22717,3856
79,877316821321428993,27336,5223
80,877201837425926144,27118,5648
81,876838120628539392,20649,3389
82,876537666061221889,23434,4649
83,876484053909872640,18751,2426
84,876120275196170240,27902,4730
85,875747767867523072,25196,4337
86,875144289856114688,21911,4970
87,875097192612077568,27420,6090
88,875021211251597312,25481,4760
89,874680097055178752,27850,4693
90,874434818259525634,0,14916
91,874296783580663808,26084,4155
92,874057562936811520,22665,3992
93,874012996292530176,34704,10581
94,873580283840344065,24268,3992
95,873337748698140672,0,1606
96,873213775632977920,7261,1606
97,872967104147763200,27416,5466
98,872820683541237760,14747,3737
99,872668790621863937,0,28
100,872620804844003328,20830,3759
101,872486979161796608,40799,9127
102,872261713294495745,34329,6424
103,872122724285648897,34573,8241
104,871879754684805121,38198,11384
105,871762521631449091,20330,3528
106,871515927908634625,20298,3510
107,871166179821445120,0,5786
108,871102520638267392,21021,5588
109,871032628920680449,22770,3870
110,870804317367881728,33827,6339
111,870726314365509632,120,3
112,870656317836468226,12500,2698
113,870374049280663552,83226,26743
114,870308999962521604,21962,4236
115,870063196459192321,36958,8528
116,869772420881756160,42751,10260
117,869702957897576449,28477,6465
118,869596645499047938,16116,3205
119,869227993411051520,20625,3879
120,868880397819494401,66300,14872
121,868639477480148993,0,2152
122,868622495443632128,27509,5915
123,868552278524837888,10269,2152
124,867900495410671616,24436,4285
125,867774946302451713,34398,7523
126,867421006826221569,16347,2587
127,867072653475098625,0,131
128,867051520902168576,32684,8104
129,866720684873056260,20371,4974
130,866686824827068416,19613,3596
131,866450705531457537,124152,36316
132,866334964761202691,53414,14916
133,866094527597207552,0,8647
134,865718153858494464,26008,5774
135,865359393868664832,26905,5163
136,865006731092295680,28464,7922
137,864873206498414592,32878,9019
138,864279568663928832,14881,3150
139,864197398364647424,30724,9273
140,863907417377173506,20999,4283
141,863553081350529029,15575,4324
142,863471782782697472,0,2564
143,863432100342583297,24259,5464
144,863427515083354112,2305,100
145,863079547188785154,8937,1141
146,863062471531167744,8704,2564
147,862831371563274240,19575,5271
148,862722525377298433,17430,3669
149,862457590147678208,20976,5150
150,862096992088072192,76236,24218
151,861383897657036800,36839,11116
152,861288531465048066,17572,4337
153,861005113778896900,17112,3968
154,860981674716409858,0,2252
155,860924035999428608,0,852
156,860563773140209665,7675,2252
157,860524505164394496,24165,5499
158,860276583193509888,18742,3625
159,860184849394610176,17088,6090
160,860177593139703809,0,32260
161,859924526012018688,20006,4280
162,859851578198683649,15769,3656
163,859607811541651456,19046,1644
164,859196978902773760,92336,31635
165,859074603037188101,34768,14225
166,858860390427611136,0,8505
167,858843525470990336,15948,3633
168,858471635011153920,22089,5069
169,858107933456039936,16155,3048
170,857989990357356544,16562,2706
171,857746408056729600,35216,11128
172,857393404942143489,6095,1715
173,857263160327368704,20582,4744
174,857214891891077121,236,20
175,857062103051644929,0,178
176,857029823797047296,19475,4207
177,856602993587888130,0,11251
178,856543823941562368,16769,3031
179,856526610513747968,12183,1981
180,856330835276025856,0,714
181,856288084350160898,532,17
182,856282028240666624,28528,6656
183,855862651834028034,359,28
184,855860136149123072,5148,1096
185,855857698524602368,12213,2236
186,855851453814013952,46873,18665
187,855818117272018944,27459,5753
188,855459453768019968,30969,8702
189,855245323840757760,0,6328
190,855138241867124737,0,49
191,854732716440526848,23657,6473
192,854482394044301312,30389,7311
193,854365224396361728,19600,4984
194,854120357044912130,33167,7966
195,854010172552949760,16793,3345
196,853760880890318849,29726,6169
197,853639147608842240,36307,10817
198,853299958564483072,16158,3801
199,852936405516943360,0,2163
200,852912242202992640,9425,1967
201,852672615818899456,15559,2298
202,852553447878664193,17085,3758
203,852311364735569921,34600,10589
204,852226086759018497,20890,7302
205,852189679701164033,11953,1690
206,851953902622658560,0,10334
207,851861385021730816,0,23
208,851591660324737024,16932,3710
209,851464819735769094,25385,7588
210,851224888060895234,21635,6147
211,850753642995093505,32518,9988
212,850380195714523136,13672,2801
213,850333567704068097,3582,357
214,850145622816686080,17119,4108
215,850019790995546112,21454,5274
216,849776966551130114,31970,8195
217,849668094696017920,0,5348
218,849412302885593088,16658,3382
219,849336543269576704,12004,2040
220,849051919805034497,44607,9196
221,848690551926992896,26499,4659
222,848324959059550208,26030,4965
223,848213670039564288,8599,808
224,848212111729840128,17199,3333
225,847978865427394560,0,3519
226,847971574464610304,0,464
227,847962785489326080,24736,5533
228,847842811428974592,5777,1456
229,847617282490613760,7386,454
230,847606175596138505,19754,3662
231,847251039262605312,21527,4635
232,847157206088847362,21075,6338
233,847116187444137987,22587,3452
234,846874817362120707,21183,4249
235,846514051647705089,47192,12577
236,846505985330044928,14951,3355
237,846153765933735936,33508,9824
238,846139713627017216,32583,10668
239,846042936437604353,16896,3126
240,845812042753855489,30975,9490
241,845677943972139009,26538,5190
242,845397057150107648,8060,1976
243,845306882940190720,24664,5854
244,845098359547420673,0,8334
245,844979544864018432,14433,2813
246,844973813909606400,16007,3495
247,844704788403113984,41005,11251
248,844580511645339650,17433,3413
249,844223788422217728,14425,2386
250,843981021012017153,16000,3177
251,843856843873095681,22668,5025
252,843604394117681152,17888,2984
253,843235543001513987,22774,6595
254,842846295480000512,16127,3904
255,842765311967449089,7155,1390
256,842535590457499648,19190,3811
257,842163532590374912,25985,6328
258,842115215311396866,14872,3293
259,841833993020538882,0,16807
260,841680585030541313,27208,8452
261,841439858740625411,13422,4012
262,841320156043304961,20967,5920
263,841314665196081154,16876,5139
264,841077006473256960,24342,5786
265,840761248237133825,0,1921
266,840728873075638272,0,17729
267,840698636975636481,192,3
268,840696689258311684,13086,1080
269,840632337062862849,9546,1921
270,840370681858686976,17504,4990
271,840268004936019968,20490,6266
272,839990271299457024,14288,2517
273,839549326359670784,29294,8505
274,839290600511926273,0,155
275,839239871831150596,28963,7178
276,838952994649550848,20890,4363
277,838921590096166913,11902,2275
278,838916489579200512,0,37
279,838831947270979586,0,12147
280,838561493054533637,11614,1455
281,838476387338051585,24103,5284
282,838201503651401729,0,11099
283,838150277551247360,1789,357
284,838085839343206401,147,0
285,838083903487373313,18792,3456
286,837820167694528512,36470,8647
287,837482249356513284,4095,486
288,837471256429613056,13658,2539
289,837366284874571778,22554,5810
290,837110210464448512,17086,2634
291,836989968035819520,13594,2518
292,836753516572119041,20518,5067
293,836677758902222849,13459,2439
294,836648853927522308,0,607
295,836397794269200385,0,30337
296,836380477523124226,15713,3235
297,836260088725786625,22688,4703
298,836001077879255040,20408,4729
299,835685285446955009,0,9007
300,835574547218894849,19011,3988
301,835536468978302976,0,1870
302,835309094223372289,0,23155
303,835297930240217089,17512,3287
304,835264098648616962,8298,1870
305,835246439529840640,2229,80
306,835172783151792128,27925,6324
307,835152434251116546,24014,3333
308,834931633769889797,11585,1816
309,834786237630337024,22569,6007
310,834574053763584002,14667,2793
311,834477809192075265,0,11751
312,834458053273591808,10279,1845
313,834209720923721728,22040,5286
314,834167344700198914,16844,4000
315,834089966724603904,10745,2350
316,834086379323871233,13959,2438
317,833863086058651648,14349,2656
318,833826103416520705,16404,3790
319,833732339549220864,0,241
320,833722901757046785,22113,3529
321,833479644947025920,15924,2281
322,833124694597443584,21627,5348
323,832998151111966721,14252,2448
324,832769181346996225,0,42
325,832757312314028032,18012,3994
326,832682457690300417,12718,3246
327,832645525019123713,3126,574
328,832636094638288896,16993,3086
329,832397543355072512,12810,2464
330,832369877331693569,18381,3518
331,832273440279240704,12112,2580
332,832215909146226688,0,6833
333,832215726631055365,0,10357
334,832088576586297345,72,2
335,832040443403784192,0,10750
336,832032802820481025,19149,5158
337,831939777352105988,25736,6795
338,831926988323639298,365,36
339,831911600680497154,29645,7216
340,831670449226514432,11199,2005
341,831650051525054464,7713,2163
342,831552930092285952,9675,2545
343,831322785565769729,9841,1684
344,831315979191906304,6976,1231
345,831309418084069378,12555,2694
346,831262627380748289,12781,2269
347,830956169170665475,8555,1665
348,830583320585068544,71821,18664
349,830173239259324417,0,6319
350,830097400375152640,10546,3342
351,829878982036299777,0,5561
352,829861396166877184,13154,2175
353,829501995190984704,34085,11751
354,829449946868879360,11243,2253
355,829374341691346946,37223,10334
356,829141528400556032,26353,8219
357,829011960981237760,56932,17997
358,828801551087042563,0,3771
359,828770345708580865,27472,6516
360,828708714936930305,39339,12439
361,828650029636317184,10223,1491
362,828409743546925057,6755,1273
363,828408677031882754,8212,1419
364,828381636999917570,13570,2463
365,828376505180889089,7943,1181
366,828372645993398273,13472,3248
367,828361771580813312,2357,190
368,828046555563323392,12652,3174
369,828011680017821696,11139,2375
370,827933404142436356,21676,5795
371,827653905312006145,16624,3331
372,827600520311402496,7980,1050
373,827324948884643840,17106,3400
374,827199976799354881,11388,2490
375,826958653328592898,23264,5561
376,826848821049180160,39331,11408
377,826615380357632002,0,4372
378,826598799820865537,5511,283
379,826598365270007810,10840,2606
380,826476773533745153,19829,4668
381,826240494070030336,14280,2877
382,826204788643753985,5250,1044
383,826115272272650244,16900,3477
384,825876512159186944,11276,2078
385,825829644528148480,13720,2766
386,825535076884762624,56076,19136
387,825147591692263424,19736,5092
388,825120256414846976,0,1434
389,825026590719483904,6860,1434
390,824796380199809024,0,6105
391,824775126675836928,16160,3929
392,824663926340194305,10865,1935
393,824325613288833024,12706,11561
394,824297048279236611,16218,4299
395,824025158776213504,5154,659
396,823939628516474880,11494,3016
397,823719002937630720,0,12545
398,823699002998870016,13572,2694
399,823581115634085888,14072,2951
400,823333489516937216,754,29
401,823322678127919110,16997,4491
402,823269594223824897,0,10994
403,822975315408461824,18693,3833
404,822872901745569793,143084,48998
405,822859134160621569,14264,2546
406,822647212903690241,0,7140
407,822610361945911296,15955,3302
408,822489057087389700,19607,7140
409,822462944365645825,30915,16471
410,822244816520155136,37894,10994
411,822163064745328640,0,5380
412,821886076407029760,12288,2618
413,821813639212650496,0,3730
414,821765923262631936,9117,1856
415,821522889702862852,8673,1967
416,821421320206483457,0,6241
417,821407182352777218,12749,4870
418,821153421864615936,276,10
419,821149554670182400,9455,2248
420,821107785811234820,10395,2378
421,821044531881721856,13671,2553
422,820837357901512704,0,7480
423,820749716845686786,34190,11099
424,820690176645140481,13213,3599
425,820494788566847489,0,633
426,820446719150292993,0,2882
427,820314633777061888,3610,633
428,820078625395449857,21426,7020
429,820013781606658049,0,1324
430,819952236453363712,5767,1324
431,819924195358416896,13938,5415
432,819711362133872643,14566,3502
433,819588359383371776,10356,2201
434,819347104292290561,7821,1341
435,819238181065359361,2483,453
436,819227688460238848,25042,7480
437,819015337530290176,0,40943
438,819015331746349057,0,21119
439,819006400881917954,48857,21119
440,819004803107983360,93517,40943
441,818646164899774465,0,23319
442,818627210458333184,24054,8328
443,818614493328580609,10695,2888
444,818588835076603904,0,6889
445,818536468981415936,11846,2774
446,818307523543449600,0,9087
447,818259473185828864,11943,2549
448,818145370475810820,13326,2904
449,817908911860748288,5241,884
450,817827839487737858,56273,30337
451,817777686764523521,11601,2980
452,817536400337801217,12802,3396
453,817502432452313088,0,3800
454,817423860136083457,37195,16807
455,817415592588222464,6101,1079
456,817181837579653120,0,9542
457,817171292965273600,9460,2252
458,817120970343411712,13176,2929
459,817056546584727552,9286,1849
460,816829038950027264,0,5294
461,816816676327063552,10842,2285
462,816697700272001025,10633,2462
463,816450570814898180,33182,9087
464,816336735214911488,9344,2191
465,816091915477250048,9688,2412
466,816062466425819140,0,1176
467,816014286006976512,0,5954
468,815990720817401858,5422,1176
469,815966073409433600,24408,9542
470,815745968457060357,0,4630
471,815736392542261248,10688,2540
472,815639385530101762,8932,1843
473,815390420867969024,11226,4260
474,814986499976527872,8292,1450
475,814638523311648768,12252,3039
476,814578408554463233,0,6529
477,814530161257443328,9418,2080
478,814153002265309185,31226,9754
479,813944609378369540,0,3618
480,813910438903693312,10093,2113
481,813812741911748608,39486,15730
482,813800681631023104,9072,1978
483,813217897535406080,20323,8176
484,813202720496779264,9972,2017
485,813187593374461952,21583,4904
486,813172488309972993,10158,2160
487,813157409116065792,8422,2485
488,813142292504645637,9143,2645
489,813130366689148928,4854,497
490,813127251579564032,12905,3515
491,813112105746448384,11239,3097
492,813096984823349248,11440,4059
493,813081950185472002,10736,3111
494,813066809284972545,8643,2180
495,813051746834595840,22778,8217
496,812781120811126785,8228,2138
497,812747805718642688,0,7798
498,812709060537683968,7205,1606
499,812503143955202048,6613,1376
500,812466873996607488,8704,2165
501,812372279581671427,14888,4119
502,811985624773361665,7913,1582
503,811744202451197953,8214,1813
504,811647686436880384,6064,832
505,811627233043480576,13945,3520
506,811386762094317568,22758,7189
507,810984652412424192,5813,1606
508,810896069567610880,9846,2009
509,810657578271330305,11937,2962
510,810284430598270976,38643,12852
511,810254108431155201,15980,3771
512,809920764300447744,16853,4372
513,809808892968534016,0,5518
514,809448704142938112,7539,1654
515,809220051211603969,21712,6319
516,809084759137812480,14385,3941
517,808838249661788160,10998,3416
518,808733504066486276,8605,2435
519,808501579447930884,12292,2915
520,808344865868283904,46266,23319
521,808134635716833280,0,6709
522,808106460588765185,9491,2452
523,808001312164028416,13691,3963
524,807621403335917568,15884,4139
525,807106840509214720,122728,60957
526,807059379405148160,0,8258
527,807010152071229440,14185,4287
528,806629075125202948,81955,39325
529,806620845233815552,0,6205
530,806576416489959424,5272,2168
531,806542213899489280,11122,2666
532,806242860592926720,0,13162
533,806219024703037440,6985,1348
534,805958939288408065,0,6041
535,805932879469572096,8998,2134
536,805826884734976000,7167,2063
537,805823200554876929,0,9072
538,805520635690676224,6246,1859
539,805487436403003392,9552,2846
540,805207613751304193,8474,1909
541,804738756058218496,14970,4332
542,804475857670639616,6711,2265
543,804413760345620481,0,3614
544,804026241225523202,48619,18250
545,803773340896923648,10964,3112
546,803692223237865472,0,8360
547,803638050916102144,11978,4669
548,803380650405482500,8452,2088
549,803321560782307329,0,6008
550,803276597545603072,10939,2779
551,802952499103731712,9834,2257
552,802624713319034886,0,3291
553,802600418706604034,7759,1650
554,802572683846291456,9751,2822
555,802323869084381190,17726,6579
556,802265048156610565,6907,1523
557,802239329049477120,9888,2927
558,802185808107208704,0,303
559,801958328846974976,8427,1924
560,801854953262350336,1916,262
561,801538201127157760,8937,2315
562,801285448605831168,6610,935
563,801167903437357056,26753,6709
564,801127390143516673,0,4480
565,801115127852503040,8806,2351
566,800859414831898624,753,108
567,800855607700029440,0,1835
568,800751577355128832,11450,3120
569,800513324630806528,14331,3385
570,800459316964663297,10302,2417
571,800443802682937345,0,4871
572,800388270626521089,12161,3150
573,800188575492947969,0,4430
574,800141422401830912,16689,2882
575,800018252395122689,30975,14846
576,799774291445383169,0,5285
577,799757965289017345,9174,2433
578,799422933579902976,8775,2148
579,799308762079035393,0,6238
580,799297110730567681,10820,3127
581,799063482566066176,8819,2767
582,798933969379225600,14371,5047
583,798925684722855936,8095,1616
584,798705661114773508,0,7461
585,798701998996647937,0,8812
586,798697898615730177,0,7329
587,798694562394996736,0,5602
588,798686750113755136,0,2614
589,798682547630837760,0,5332
590,798673117451325440,0,6249
591,798665375516884993,0,4375
592,798644042770751489,0,2085
593,798628517273620480,0,2211
594,798585098161549313,0,6437
595,798576900688019456,0,6638
596,798340744599797760,0,3789
597,798209839306514432,11321,2869
598,797971864723324932,12719,3539
599,797545162159308800,15843,5461
600,797236660651966464,21821,7459
601,797165961484890113,249,31
602,796904159865868288,0,10044
603,796865951799083009,8370,2138
604,796759840936919040,12949,3444
605,796563435802726400,0,8240
606,796484825502875648,8274,1981
607,796387464403357696,12031,4688
608,796177847564038144,0,16125
609,796149749086875649,35349,16125
610,796125600683540480,5400,2010
611,796116448414461957,9919,2724
612,796080075804475393,9226,2605
613,796031486298386433,11790,4156
614,795464331001561088,54406,26838
615,795400264262053889,11023,3230
616,795076730285391872,17724,6105
617,794983741416415232,0,3806
618,794926597468000259,11217,2610
619,794355576146903043,0,11597
620,794332329137291264,10437,2977
621,794205286408003585,10053,3738
622,793962221541933056,18398,5518
623,793845145112371200,10052,2112
624,793614319594401792,0,3523
625,793601777308463104,8704,1843
626,793500921481273345,11678,2685
627,793286476301799424,26900,10357
628,793271401113350145,9425,2655
629,793256262322548741,21805,9371
630,793241302385262592,11502,3700
631,793226087023144960,10731,3220
632,793210959003287553,9750,3167
633,793195938047070209,16681,6330
634,793180763617361921,7551,2234
635,793165685325201412,10258,3129
636,793150605191548928,6744,1924
637,793135492858580992,7045,2794
638,793120401413079041,13850,4387
639,792913359805018113,15670,4522
640,792883833364439040,12345,4810
641,792773781206999040,8024,1890
642,792394556390137856,14735,4830
643,792050063153438720,7840,2021
644,791821351946420224,0,23663
645,791784077045166082,0,10894
646,791780927877898241,0,4273
647,791774931465953280,49244,25017
648,791672322847637504,12827,3523
649,791406955684368384,14339,4630
650,791312159183634433,9589,2857
651,791026214425268224,0,4650
652,790987426131050500,10812,2404
653,790946055508652032,18134,5294
654,790723298204217344,0,2611
655,790698755171364864,8945,2142
656,790581949425475584,22576,8062
657,790337589677002753,8540,2102
658,790277117346975746,13710,3618
659,790227638568808452,0,4027
660,789986466051088384,10102,2611
661,789960241177853952,0,4679
662,789903600034189313,11358,4657
663,789628658055020548,8219,1999
664,789599242079838210,7400,2178
665,789530877013393408,12844,3806
666,789314372632018944,9404,2596
667,789280767834746880,0,5578
668,789268448748703744,9944,2914
669,789137962068021249,10598,3138
670,788908386943430656,29880,13951
671,788765914992902144,29948,11597
672,788552643979468800,0,8137
673,788412144018661376,17010,5963
674,788178268662984705,7889,2387
675,788150585577050112,6710,1462
676,788070120937619456,0,3837
677,788039637453406209,6705,1490
678,787810552592695296,9466,3432
679,787717603741622272,11134,3126
680,787397959788929025,11822,3187
681,787322443945877504,8510,1965
682,787111942498508800,0,7537
683,786963064373534720,28991,9007
684,786729988674449408,0,2727
685,786709082849828864,19845,6833
686,786664955043049472,11644,2885
687,786595970293370880,10260,3489
688,786363235746385920,11899,3944
689,786286427768250368,8704,3223
690,786233965241827333,16717,5380
691,786051337297522688,1567,174
692,786036967502913536,0,7940
693,785927819176054784,12397,3544
694,785872687017132033,7289,2056
695,785639753186217984,8521,2486
696,785533386513321988,9942,2264
697,785515384317313025,6649,1421
698,785264754247995392,7918,1847
699,785170936622350336,13193,5464
700,784826020293709826,11072,3614
701,784517518371221505,9785,2852
702,784431430411685888,6201,1438
703,784183165795655680,21940,9072
704,784057939640352768,32602,12545
705,783839966405230592,32784,12147
706,783821107061198850,8014,2209
707,783695101801398276,11368,3612
708,783466772167098368,9223,2531
709,783391753726550016,18410,6198
710,783347506784731136,0,6305
711,783334639985389568,31851,13162
712,783085703974514689,8864,2489
713,782969140009107456,26298,8258
714,782747134529531904,8119,1566
715,782722598790725632,18792,6041
716,782598640137187329,8477,2109
717,782305867769217024,18146,6241
718,782021823840026624,0,7002
719,781955203444699136,12081,3774
720,781661882474196992,11372,3041
721,781655249211752448,4362,1255
722,781524693396357120,22587,6205
723,781308096455073793,7769,2859
724,781251288990355457,9188,2357
725,781163403222056960,10628,3052
726,780931614150983680,23553,8240
727,780858289093574656,7821,2234
728,780800785462489090,6007,1456
729,780601303617732608,13157,3730
730,780543529827336192,6853,1947
731,780496263422808064,0,4169
732,780476555013349377,0,132
733,780459368902959104,5748,1190
734,780192070812196864,9477,2513
735,780092040432480260,0,2578
736,780074436359819264,13337,5601
737,779834332596887552,20702,7940
738,779377524342161408,9601,3490
739,779124354206535695,0,20611
740,779123168116150273,12835,4086
741,779056095788752897,16099,5075
742,778990705243029504,21779,8168
743,778774459159379968,0,11160
744,778764940568104960,933,409
745,778748913645780993,7504,1495
746,778650543019483137,6278,1676
747,778624900596654080,5058,1134
748,778408200802557953,14817,4874
749,778396591732486144,0,13712
750,778383385161035776,6352,1228
751,778286810187399168,11274,3703
752,778039087836069888,9204,2957
753,778027034220126208,7133,1817
754,777953400541634568,0,3940
755,777885040357281792,6904,1837
756,777684233540206592,12210,3291
757,777641927919427584,0,4771
758,777621514455814149,9519,2792
759,777189768882946048,15545,4833
760,776819012571455488,0,15337
761,776813020089548800,5307,1353
762,776477788987613185,9628,3139
763,776249906839351296,0,10254
764,776218204058357768,32592,17851
765,776201521193218049,10417,2816
766,776113305656188928,12750,4872
767,776088319444877312,1994,171
768,775898661951791106,0,17296
769,775842724423557120,12722,3000
770,775733305207554048,15029,4480
771,775729183532220416,14021,5119
772,775364825476165632,8070,3341
773,775350846108426240,11018,4383
774,775085132600442880,16884,5286
775,774757898236878852,9260,1973
776,774639387460112384,7288,1946
777,774314403806253056,23618,6239
778,773985732834758656,11653,4343
779,773922284943896577,6934,1929
780,773704687002451968,7147,1829
781,773670353721753600,5772,1447
782,773547596996571136,23926,6889
783,773336787167145985,0,5698
784,773308824254029826,25187,8334
785,773247561583001600,10179,3580
786,773191612633579521,10832,4589
787,772877495989305348,9317,4334
788,772826264096874500,8652,2593
789,772615324260794368,0,3757
790,772581559778025472,7016,1890
791,772193107915964416,6513,1545
792,772152991789019136,4094,1256
793,772117678702071809,4063,815
794,772114945936949249,2935,525
795,772102971039580160,4344,1032
796,771908950375665664,7118,2114
797,771770456517009408,13020,3789
798,771500966810099713,8956,2918
799,771380798096281600,11415,5698
800,771171053431250945,0,8421
801,771136648247640064,9964,3254
802,771102124360998913,6736,1601
803,771014301343748096,7450,1839
804,771004394259247104,0,246
805,770787852854652928,5370,1366
806,770772759874076672,5620,1574
807,770743923962707968,0,50753
808,770655142660169732,7936,1942
809,770414278348247044,6808,2296
810,770293558247038976,6751,1659
811,770093767776997377,0,3389
812,770069151037685760,8201,2566
813,769940425801170949,34079,10750
814,769695466921623552,6922,1856
815,769335591808995329,0,8549
816,769212283578875904,5842,1911
817,768970937022709760,15605,7286
818,768909767477751808,0,3013
819,768855141948723200,4545,994
820,768609597686943744,4463,1343
821,768596291618299904,5443,1418
822,768554158521745409,0,6488
823,768473857036525572,14721,3814
824,768193404517830656,11818,3940
825,767884188863397888,5143,1567
826,767754930266464257,17353,6008
827,767500508068192258,8090,2597
828,767191397493538821,13294,4252
829,767122157629476866,10938,3173
830,766864461642756096,0,6302
831,766793450729734144,5500,1516
832,766714921925144576,2804,427
833,766693177336135680,4364,877
834,766423258543644672,6516,1769
835,766313316352462849,7331,2100
836,766078092750233600,0,2884
837,766069199026450432,4631,970
838,766008592277377025,4043,551
839,765719909049503744,7814,2393
840,765669560888528897,5612,1358
841,765395769549590528,28484,3764
842,765371061932261376,7657,2390
843,765222098633691136,12567,3757
844,764857477905154048,6932,1962
845,764259802650378240,6545,1692
846,763956972077010945,796,59
847,763837565564780549,13657,4650
848,763183847194451968,5861,1650
849,763167063695355904,0,3360
850,763103485927849985,7955,2526
851,762699858130116608,13175,4027
852,762471784394268675,12202,7243
853,762464539388485633,11197,4679
854,762316489655476224,5219,1251
855,762035686371364864,34575,17336
856,761976711479193600,5847,2237
857,761750502866649088,0,4386
858,761745352076779520,4603,950
859,761672994376806400,53525,32259
860,761599872357261312,4463,1302
861,761371037149827077,0,19874
862,761334018830917632,5636,1607
863,761292947749015552,4829,1224
864,761227390836215808,5754,1714
865,761004547850530816,12177,3837
866,760893934457552897,4123,1075
867,760656994973933572,7133,2133
868,760641137271070720,5349,1434
869,760539183865880579,8193,4024
870,760521673607086080,4567,1549
871,760290219849637889,28919,12731
872,760252756032651264,4254,956
873,760190180481531904,6156,2009
874,760153949710192640,0,37
875,759943073749200896,6414,2317
876,759923798737051648,15862,6302
877,759846353224826880,7252,2201
878,759793422261743616,6441,2118
879,759566828574212096,0,23472
880,759557299618865152,5075,1303
881,759447681597108224,9189,2727
882,759446261539934208,1805,544
883,759197388317847553,6544,2151
884,759159934323924993,0,1300
885,759099523532779520,15685,4645
886,759047813560868866,7037,2235
887,758854675097526272,3829,990
888,758828659922702336,12057,4237
889,758740312047005698,6168,1769
890,758474966123810816,4118,1096
891,758467244762497024,5176,2465
892,758405701903519748,5605,2126
893,758355060040593408,3699,1199
894,758099635764359168,20740,11160
895,758041019896193024,2929,416
896,757741869644341248,7425,3595
897,757729163776290825,0,8987
898,757725642876129280,4888,1351
899,757611664640446465,4904,1238
900,757597904299253760,0,322
901,757596066325864448,4688,1173
902,757400162377592832,16359,7555
903,757393109802180609,6294,1929
904,757354760399941633,4868,1575
905,756998049151549440,6746,2203
906,756939218950160384,7170,2221
907,756651752796094464,5474,1462
908,756526248105566208,11234,4003
909,756303284449767430,4259,1196
910,756288534030475264,45886,19345
911,756275833623502848,6944,1697
912,755955933503782912,7910,3190
913,755206590534418437,17745,5950
914,755110668769038337,22884,12253
915,754874841593970688,0,8876
916,754856583969079297,7405,2786
917,754747087846248448,2777,577
918,754482103782404096,5711,2151
919,754449512966619136,4041,816
920,754120377874386944,8446,2579
921,754011816964026368,9492,3978
922,753655901052166144,6303,2414
923,753420520834629632,8527,3947
924,753398408988139520,6237,2116
925,753375668877008896,8204,2578
926,753298634498793472,0,6391
927,753294487569522689,3675,1153
928,753039830821511168,40013,23155
929,753026973505581056,4193,1077
930,752932432744185856,13613,7537
931,752917284578922496,7412,1735
932,752701944171524096,0,3186
933,752682090207055872,6475,1782
934,752660715232722944,4750,1742
935,752568224206688256,5985,2524
936,752519690950500352,7947,3795
937,752334515931054080,4115,1218
938,752309394570878976,0,18426
939,752173152931807232,6416,2042
940,751950017322246144,3319,1026
941,751937170840121344,5619,1484
942,751830394383790080,6248,2162
943,751793661361422336,6322,3229
944,751598357617971201,8505,3343
945,751583847268179968,4750,1232
946,751538714308972544,5421,1401
947,751456908746354688,3447,1097
948,751251247299190784,13476,6486
949,751205363882532864,6787,2020
950,751132876104687617,5481,1439
951,750868782890057730,5161,1536
952,750719632563142656,14230,5578
953,750506206503038976,4797,1269
954,750429297815552001,14190,4771
955,750383411068534784,4877,1256
956,750381685133418496,737,35
957,750147208377409536,3329,1067
958,750132105863102464,3905,1397
959,750117059602808832,4643,1431
960,750101899009982464,3273,930
961,750086836815486976,2335,600
962,750071704093859840,8437,3686
963,750056684286914561,3368,981
964,750041628174217216,3417,684
965,750026558547456000,2919,871
966,750011400160841729,3486,1004
967,749996283729883136,3253,888
968,749981277374128128,5501,2704
969,749774190421639168,5002,1444
970,749417653287129088,6561,1841
971,749403093750648834,2820,602
972,749395845976588288,9248,3818
973,749317047558017024,5900,2443
974,749075273010798592,6193,2286
975,749064354620928000,5145,1668
976,749036806121881602,3330,860
977,748977405889503236,11541,3756
978,748932637671223296,6289,2480
979,748705597323898880,2970,1040
980,748699167502000129,5091,1763
981,748692773788876800,4551,1464
982,748575535303884801,6524,2197
983,748568946752774144,2338,737
984,748346686624440324,5606,1365
985,748337862848962560,8253,4544
986,748324050481647620,3984,844
987,748307329658011649,3944,788
988,748220828303695873,15166,8581
989,747963614829678593,6234,2375
990,747933425676525569,7116,2807
991,747885874273214464,3165,1093
992,747844099428986880,3013,822
993,747816857231626240,5215,1283
994,747651430853525504,1481,173
995,747648653817413632,13836,6428
996,747600769478692864,2492,601
997,747594051852075008,3954,1162
998,747512671126323200,5962,1742
999,747461612269887489,4147,1139
1000,747439450712596480,5834,2125
1001,747242308580548608,0,3169
1002,747219827526344708,5660,1737
1003,747204161125646336,3627,1007
1004,747103485104099331,10284,4405
1005,746906459439529985,3088,328
1006,746872823977771008,6422,2362
1007,746818907684614144,5673,1890
1008,746790600704425984,5215,1752
1009,746757706116112384,10251,4273
1010,746726898085036033,6478,1966
1011,746542875601690625,5397,2052
1012,746521445350707200,0,1080
1013,746507379341139972,4967,1185
1014,746369468511756288,6477,1808
1015,746131877086527488,7383,2417
1016,746056683365994496,3797,904
1017,745789745784041472,4329,1170
1018,745712589599014916,7471,2548
1019,745433870967832576,7610,2789
1020,745422732645535745,9186,2683
1021,745314880350101504,7670,3049
1022,745074613265149952,8380,3862
1023,745057283344719872,7750,2508
1024,744995568523612160,3196,692
1025,744971049620602880,8421,2954
1026,744709971296780288,5985,1703
1027,744334592493166593,7231,2351
1028,744234799360020481,127991,77175
1029,744223424764059648,1819,409
1030,743980027717509120,4438,1196
1031,743895849529389061,3901,1050
1032,743835915802583040,0,2297
1033,743609206067040256,4795,1509
1034,743595368194129920,19744,7204
1035,743545585370791937,3765,1029
1036,743510151680958465,8454,4052
1037,743253157753532416,4517,1328
1038,743222593470234624,6622,2091
1039,743210557239623680,4101,1498
1040,742534281772302336,7541,3884
1041,742528092657332225,4747,2178
1042,742465774154047488,7752,4244
1043,742423170473463808,10533,4169
1044,742385895052087300,7265,2173
1045,742161199639494656,4633,1508
1046,742150209887731712,5501,1710
1047,741793263812808706,4859,1653
1048,741743634094141440,8732,3025
1049,741438259667034112,3921,915
1050,741303864243200000,9378,3538
1051,741099773336379392,10719,6054
1052,741067306818797568,10075,3389
1053,740995100998766593,6844,3026
1054,740711788199743490,3641,1022
1055,740699697422163968,3027,852
1056,740676976021798912,19377,7461
1057,740373189193256964,37094,14584
1058,740365076218183684,2649,479
1059,740359016048689152,3517,936
1060,740214038584557568,7143,2153
1061,739979191639244800,21310,6488
1062,739932936087216128,4327,1179
1063,739844404073074688,4039,932
1064,739623569819336705,4068,1495
1065,739606147276148736,5743,1809
1066,739544079319588864,42487,23472
1067,739485634323156992,7694,3218
1068,739238157791694849,73171,50755
1069,738891149612572673,115,6
1070,738885046782832640,4020,1244
1071,738883359779196928,3565,888
1072,738537504001953792,5433,1710
1073,738402415918125056,3496,932
1074,738184450748633089,4611,1322
1075,738166403467907072,9388,3734
1076,738156290900254721,2703,721
1077,737826014890496000,5623,1932
1078,737800304142471168,10661,3782
1079,737678689543020544,5385,1464
1080,737445876994609152,11016,4874
1081,737322739594330112,3850,881
1082,737310737551491075,15658,8089
1083,736736130620620800,4608,1900
1084,736392552031657984,18942,8137
1085,736365877722001409,4265,1363
1086,736225175608430592,8678,3017
1087,736010884653420544,8436,3246
1088,735991953473572864,3838,1255
1089,735648611367784448,4286,1196
1090,735635087207878657,6607,2584
1091,735274964362878976,13866,5545
1092,735256018284875776,3581,965
1093,735137028879360001,3338,1054
1094,734912297295085568,2916,561
1095,734787690684657664,13392,6874
1096,734776360183431168,2669,587
1097,734559631394082816,1597,431
1098,733828123016450049,3831,849
1099,733822306246479872,3913,1102
1100,733482008106668032,3352,1036
1101,733460102733135873,4482,1401
1102,733109485275860992,45294,17297
1103,732732193018155009,2597,583
1104,732726085725589504,3758,962
1105,732585889486888962,3928,843
1106,732375214819057664,8606,2743
1107,732005617171337216,15906,5954
1108,731285275100512256,3714,1073
1109,731156023742988288,4088,1389
1110,730924654643314689,6520,2162
1111,730573383004487680,5245,2353
1112,730427201120833536,3698,1131
1113,730211855403241472,4076,1148
1114,730196704625098752,5206,2104
1115,729854734790754305,4288,1218
1116,729838605770891264,1814,418
1117,729823566028484608,4245,1348
1118,729463711119904772,6185,2506
1119,729113531270991872,2007,359
1120,728986383096946689,3377,889
1121,728760639972315136,4969,1847
1122,728751179681943552,2976,739
1123,728653952833728512,3532,1138
1124,728409960103686147,5248,2194
1125,728387165835677696,3913,1041
1126,728046963732717569,4583,1278
1127,728035342121635841,4832,1826
1128,728015554473250816,4362,1193
1129,727685679342333952,3122,692
1130,727644517743104000,6283,1907
1131,727524757080539137,4763,1335
1132,727314416056803329,3527,814
1133,727286334147182592,3232,892
1134,727175381690781696,4118,1491
1135,727155742655025152,3871,1441
1136,726935089318363137,7325,2663
1137,726887082820554753,4083,1640
1138,726828223124897792,3778,1097
1139,726224900189511680,4697,1263
1140,725842289046749185,7496,2884
1141,725786712245440512,4425,1480
1142,725729321944506368,5516,1940
1143,725458796924002305,1500,676
1144,724983749226668032,3944,1423
1145,724771698126512129,2516,696
1146,724405726123311104,5642,1794
1147,724049859469295616,4605,1921
1148,724046343203856385,2832,606
1149,724004602748780546,4452,1727
1150,723912936180330496,4129,1330
1151,723688335806480385,8207,3240
1152,723673163800948736,3215,970
1153,723179728551723008,5636,2046
1154,722974582966214656,4375,1711
1155,722613351520608256,5269,1784
1156,721503162398597120,4960,2046
1157,721001180231503872,2684,665
1158,720785406564900865,3316,841
1159,720775346191278080,2635,742
1160,720415127506415616,4386,1621
1161,720389942216527872,6820,2745
1162,720340705894408192,3052,1058
1163,720059472081784833,4138,1231
1164,720043174954147842,5208,2180
1165,719991154352222208,5139,1909
1166,719704490224398336,4859,1582
1167,719551379208073216,5383,2109
1168,719367763014393856,2969,801
1169,719339463458033665,4684,1356
1170,719332531645071360,3624,1038
1171,718971898235854848,3705,1198
1172,718939241951195136,5570,1915
1173,718631497683582976,20143,8812
1174,718613305783398402,2601,525
1175,718540630683709445,2649,1097
1176,718460005985447936,2874,577
1177,718454725339934721,5185,1635
1178,718246886998687744,2050,545
1179,718234618122661888,4112,1086
1180,717841801130979328,2603,648
1181,717790033953034240,3079,1225
1182,717537687239008257,6127,2002
1183,717428917016076293,1702,495
1184,717421804990701568,3355,919
1185,717047459982213120,6656,2071
1186,717009362452090881,3477,1065
1187,716802964044845056,4537,1273
1188,716791146589110272,5873,1512
1189,716730379797970944,1306,460
1190,716447146686459905,13953,6405
1191,716439118184652801,2509,238
1192,716285507865542656,2956,1185
1193,716080869887381504,5195,1894
1194,715928423106027520,3398,954
1195,715758151270801409,3969,1548
1196,715733265223708672,4966,1843
1197,715704790270025728,2979,613
1198,715696743237730304,4155,1405
1199,715680795826982913,4600,1765
1200,715360349751484417,5812,1710
1201,715342466308784130,3212,743
1202,715220193576927233,2566,712
1203,715200624753819648,5450,2050
1204,715009755312439296,4431,1344
1205,714982300363173890,3994,1124
1206,714962719905021952,7827,4650
1207,714957620017307648,4396,1545
1208,714631576617938945,3476,1088
1209,714606013974974464,3845,1013
1210,714485234495041536,2885,1266
1211,714258258790387713,3199,778
1212,714251586676113411,3474,915
1213,714214115368108032,2412,953
1214,714141408463036416,4568,1522
1215,713919462244790272,3483,847
1216,713909862279876608,2032,596
1217,713900603437621249,3001,810
1218,713761197720473600,5186,1493
1219,713411074226274305,4695,1403
1220,713177543487135744,7657,3089
1221,713175907180089344,4752,1577
1222,712809025985978368,19799,7329
1223,712717840512598017,13163,5443
1224,712668654853337088,4426,1324
1225,712438159032893441,5661,1701
1226,712309440758808576,260,25
1227,712097430750289920,4038,1130
1228,712092745624633345,3130,979
1229,712085617388212225,3442,529
1230,712065007010385924,2411,682
1231,711998809858043904,0,137
1232,711968124745228288,8570,2519
1233,711743778164514816,3019,1073
1234,711732680602345472,9483,4497
1235,711694788429553666,34951,19874
1236,711652651650457602,4120,998
1237,711363825979756544,3886,1239
1238,711306686208872448,3520,795
1239,711008018775851008,3190,683
1240,710997087345876993,4844,1512
1241,710844581445812225,2710,748
1242,710833117892898816,2866,586
1243,710658690886586372,2457,615
1244,710609963652087808,5107,2557
1245,710588934686908417,4857,2047
1246,710296729921429505,2521,800
1247,710283270106132480,2266,561
1248,710272297844797440,4818,1376
1249,710269109699739648,2558,1224
1250,710153181850935296,3094,972
1251,710140971284037632,2950,976
1252,710117014656950272,5853,2168
1253,709918798883774466,3174,1167
1254,709901256215666688,715,108
1255,709852847387627521,3730,1298
1256,709566166965075968,3761,1317
1257,709556954897764353,3494,1161
1258,709519240576036864,1582,262
1259,709449600415961088,2366,645
1260,709409458133323776,2792,759
1261,709225125749587968,2546,627
1262,709207347839836162,13427,6359
1263,709198395643068416,2565,697
1264,709179584944730112,2143,735
1265,709158332880297985,2181,453
1266,709042156699303936,5074,1791
1267,708853462201716736,1908,715
1268,708845821941387268,3163,977
1269,708834316713893888,1814,549
1270,708810915978854401,17592,7589
1271,708738143638450176,2920,886
1272,708711088997666817,2721,794
1273,708479650088034305,2714,739
1274,708469915515297792,3278,893
1275,708400866336894977,17057,11012
1276,708356463048204288,3844,1466
1277,708349470027751425,2507,804
1278,708149363256774660,4551,1682
1279,708130923141795840,3608,915
1280,708119489313951744,2861,1066
1281,708109389455101952,2061,588
1282,708026248782585858,4649,2098
1283,707995814724026368,3311,1221
1284,707983188426153984,51,2
1285,707969809498152960,2870,1055
1286,707776935007539200,3497,1031
1287,707741517457260545,2647,664
1288,707738799544082433,4364,2694
1289,707693576495472641,3651,1092
1290,707629649552134146,2754,957
1291,707610948723478529,18083,7002
1292,707420581654872064,2433,758
1293,707411934438625280,2423,652
1294,707387676719185920,3740,1424
1295,707377100785885184,3507,1175
1296,707315916783140866,2630,701
1297,707297311098011648,2939,873
1298,707059547140169728,2745,740
1299,707038192327901184,2346,873
1300,707021089608753152,4332,1497
1301,707014260413456384,2453,648
1302,706904523814649856,15548,8549
1303,706901761596989440,2212,658
1304,706681918348251136,3541,1056
1305,706644897839910912,2746,1193
1306,706593038911545345,2300,687
1307,706538006853918722,3691,1538
1308,706516534877929472,3306,1126
1309,706346369204748288,3675,1001
1310,706310011488698368,22878,8727
1311,706291001778950144,1812,511
1312,706265994973601792,2905,1000
1313,706169069255446529,4175,2429
1314,706166467411222528,5493,1760
1315,706153300320784384,1594,420
1316,705975130514706432,3308,805
1317,705970349788291072,3356,972
1318,705898680587526145,2533,618
1319,705786532653883392,2080,578
1320,705591895322394625,3384,1260
1321,705475953783398401,3160,1006
1322,705442520700944385,4756,1799
1323,705428427625635840,4076,1854
1324,705239209544720384,3200,818
1325,705223444686888960,2758,879
1326,705102439679201280,2295,563
1327,705066031337840642,2321,660
1328,704871453724954624,4549,1216
1329,704859558691414016,2404,598
1330,704847917308362754,5454,1679
1331,704819833553219584,2828,1099
1332,704761120771465216,7094,3169
1333,704499785726889984,3140,1089
1334,704491224099647488,815,92
1335,704480331685040129,3630,1155
1336,704364645503647744,8591,3879
1337,704347321748819968,1691,386
1338,704134088924532736,1617,509
1339,704113298707505153,1986,615
1340,704054845121142784,3121,1000
1341,703774238772166656,1969,509
1342,703769065844768768,3517,1239
1343,703631701117943808,2777,751
1344,703611486317502464,4127,1660
1345,703425003149250560,4062,1508
1346,703407252292673536,2632,761
1347,703382836347330562,3746,1248
1348,703356393781329922,2033,422
1349,703268521220972544,2108,607
1350,703079050210877440,7886,3377
1351,703041949650034688,28216,13712
1352,702932127499816960,2770,790
1353,702899151802126337,1728,491
1354,702684942141153280,3429,1176
1355,702671118226825216,2340,612
1356,702598099714314240,11055,3584
1357,702539513671897089,3069,1050
1358,702332542343577600,3418,1695
1359,702321140488925184,3508,1129
1360,702276748847800320,2645,833
1361,702217446468493312,5135,1462
1362,701981390485725185,3678,1078
1363,701952816642965504,4073,1111
1364,701889187134500865,3806,1505
1365,701805642395348998,3665,1846
1366,701601587219795968,2231,502
1367,701570477911896070,3005,1021
1368,701545186879471618,2828,663
1369,701214700881756160,13078,5602
1370,700890391244103680,2369,628
1371,700864154249383937,2772,667
1372,700847567345688576,2599,544
1373,700796979434098688,2599,1045
1374,700747788515020802,24430,10254
1375,700518061187723268,2814,873
1376,700505138482569216,2435,624
1377,700462010979500032,4430,1969
1378,700167517596164096,2834,813
1379,700151421916807169,2393,724
1380,700143752053182464,8057,3013
1381,700062718104104960,2820,756
1382,700029284593901568,2207,634
1383,700002074055016451,3534,1468
1384,699801817392291840,3249,1053
1385,699788877217865730,2401,543
1386,699779630832685056,2960,1349
1387,699775878809702401,2094,664
1388,699691744225525762,10956,5010
1389,699446877801091073,6339,2852
1390,699434518667751424,2319,557
1391,699423671849451520,1464,362
1392,699413908797464576,2199,675
1393,699370870310113280,2005,478
1394,699323444782047232,3373,945
1395,699088579889332224,2385,687
1396,699079609774645248,2609,715
1397,699072405256409088,3198,1291
1398,699060279947165696,4034,1983
1399,699036661657767936,2790,1301
1400,698989035503689728,3614,1078
1401,698953797952008193,2891,982
1402,698907974262222848,2715,679
1403,698710712454139905,2643,751
1404,698703483621523456,1553,413
1405,698635131305795584,1372,373
1406,698549713696649216,2474,677
1407,698355670425473025,1998,492
1408,698342080612007937,2426,1040
1409,698262614669991936,5074,2194
1410,698195409219559425,17939,6529
1411,698178924120031232,3002,802
1412,697995514407682048,1628,363
1413,697990423684476929,3511,1410
1414,697943111201378304,2564,754
1415,697881462549430272,3227,1295
1416,697630435728322560,1863,589
1417,697616773278015490,3363,1100
1418,697596423848730625,3237,1375
1419,697575480820686848,2178,551
1420,697516214579523584,2218,1238
1421,697482927769255936,2590,740
1422,697463031882764288,3650,1507
1423,697270446429966336,4989,2029
1424,697259378236399616,3514,1086
1425,697255105972801536,3226,1269
1426,697242256848379904,2692,731
1427,696900204696625153,3413,1120
1428,696894894812565505,2509,738
1429,696886256886657024,5171,1957
1430,696877980375769088,2609,779
1431,696754882863349760,1575,388
1432,696744641916489729,2223,1030
1433,696713835009417216,2539,711
1434,696518437233913856,4165,1848
1435,696490539101908992,1307,162
1436,696488710901260288,2717,1131
1437,696405997980676096,3431,1243
1438,696100768806522880,2068,724
1439,695816827381944320,3204,1279
1440,695794761660297217,3402,851
1441,695767669421768709,2002,817
1442,695629776980148225,4886,2303
1443,695446424020918272,4653,1977
1444,695409464418041856,9208,3899
1445,695314793360662529,3896,1608
1446,695095422348574720,2814,673
1447,695074328191332352,3034,1206
1448,695064344191721472,1715,655
1449,695051054296211456,2844,860
1450,694925794720792577,2884,1003
1451,694905863685980160,2958,1023
1452,694669722378485760,38105,15790
1453,694356675654983680,1610,316
1454,694352839993344000,2175,678
1455,694342028726001664,1685,531
1456,694329668942569472,2144,545
1457,694206574471057408,4473,2228
1458,694183373896572928,3143,1014
1459,694001791655137281,3619,1131
1460,693993230313091072,2000,442
1461,693942351086120961,1846,404
1462,693647888581312512,2877,648
1463,693644216740769793,1432,142
1464,693642232151285760,2717,454
1465,693629975228977152,2617,875
1466,693622659251335168,1645,404
1467,693590843962331137,5419,2146
1468,693582294167244802,1758,279
1469,693486665285931008,1895,684
1470,693280720173801472,3591,1360
1471,693267061318012928,2546,899
1472,693262851218264065,2384,549
1473,693231807727280129,3059,800
1474,693155686491000832,8438,3503
1475,693109034023534592,1832,671
1476,693095443459342336,1999,505
1477,692919143163629568,2854,813
1478,692905862751522816,2600,961
1479,692901601640583168,1912,661
1480,692894228850999298,2436,883
1481,692828166163931137,3071,962
1482,692752401762250755,7307,3970
1483,692568918515392513,4643,1679
1484,692535307825213440,3414,1483
1485,692530551048294401,1974,456
1486,692423280028966913,1576,253
1487,692417313023332352,10010,3800
1488,692187005137076224,2698,898
1489,692158366030913536,2302,872
1490,692142790915014657,1753,429
1491,692041934689402880,3636,1391
1492,692017291282812928,3059,1048
1493,691820333922455552,4217,1802
1494,691793053716221953,8685,4596
1495,691756958957883396,3086,1121
1496,691675652215414786,2073,558
1497,691483041324204033,2532,624
1498,691459709405118465,4337,1252
1499,691444869282295808,2834,931
1500,691416866452082688,20688,8360
1501,691321916024623104,2760,721
1502,691096613310316544,3167,977
1503,691090071332753408,1820,371
1504,690989312272396288,6326,3147
1505,690959652130045952,3814,1377
1506,690938899477221376,4422,2182
1507,690932576555528194,3514,1116
1508,690735892932222976,4035,1401
1509,690728923253055490,2318,569
1510,690690673629138944,2485,865
1511,690649993829576704,1396,307
1512,690607260360429569,308,19
1513,690597161306841088,2096,657
1514,690400367696297985,1995,493
1515,690374419777196032,3473,945
1516,690360449368465409,2841,974
1517,690348396616552449,1603,558
1518,690248561355657216,1801,453
1519,690021994562220032,2986,1132
1520,690015576308211712,2679,807
1521,690005060500217858,3906,1850
1522,689999384604450816,1524,411
1523,689993469801164801,1567,502
1524,689977555533848577,1454,487
1525,689905486972461056,2591,759
1526,689877686181715968,3225,1301
1527,689835978131935233,2313,822
1528,689661964914655233,3418,1012
1529,689659372465688576,11111,4263
1530,689623661272240129,2393,715
1531,689599056876867584,12443,6046
1532,689557536375177216,2198,507
1533,689517482558820352,3621,1566
1534,689289219123089408,2407,1012
1535,689283819090870273,3515,1208
1536,689280876073582592,2135,788
1537,689275259254616065,1237,268
1538,689255633275777024,2735,1177
1539,689154315265683456,3266,1100
1540,689143371370250240,2172,566
1541,688916208532455424,2920,955
1542,688908934925697024,2262,846
1543,688898160958271489,2245,862
1544,688894073864884227,2384,768
1545,688828561667567616,1471,405
1546,688804835492233216,1023,215
1547,688789766343622656,2363,728
1548,688547210804498433,2784,770
1549,688519176466644993,2465,798
1550,688385280030670848,9948,4870
1551,688211956440801280,2377,916
1552,688179443353796608,2261,645
1553,688116655151435777,3014,858
1554,688064179421470721,1832,393
1555,687841446767013888,5859,2776
1556,687826841265172480,2920,1247
1557,687818504314159109,2682,1044
1558,687807801670897665,2555,765
1559,687732144991551489,1882,720
1560,687704180304273409,2609,926
1561,687664829264453632,2076,563
1562,687494652870668288,2050,629
1563,687480748861947905,1710,272
1564,687476254459715584,2115,591
1565,687460506001633280,2182,592
1566,687399393394311168,2029,686
1567,687317306314240000,21512,10044
1568,687312378585812992,4650,2086
1569,687127927494963200,5840,2512
1570,687124485711986689,2316,557
1571,687109925361856513,6200,2708
1572,687102708889812993,2498,1089
1573,687096057537363968,2397,669
1574,686947101016735744,9206,3477
1575,686760001961103360,3759,1506
1576,686749460672679938,3715,1602
1577,686730991906516992,4444,1311
1578,686683045143953408,3002,882
1579,686618349602762752,3929,1490
1580,686606069955735556,2017,592
1581,686394059078897668,1881,750
1582,686386521809772549,3475,971
1583,686377065986265092,2368,618
1584,686358356425093120,2349,750
1585,686286779679375361,4276,1828
1586,686050296934563840,2360,809
1587,686035780142297088,1238,133
1588,686034024800862208,3332,1283
1589,686007916130873345,2637,459
1590,686003207160610816,1944,702
1591,685973236358713344,2260,588
1592,685943807276412928,1754,672
1593,685906723014619143,8057,3192
1594,685681090388975616,2167,138
1595,685667379192414208,2498,631
1596,685663452032069632,3470,1603
1597,685641971164143616,3130,851
1598,685547936038666240,35277,17183
1599,685532292383666176,3256,1265
1600,685325112850124800,10153,4386
1601,685321586178670592,2831,710
1602,685315239903100929,3575,1182
1603,685307451701334016,2210,482
1604,685268753634967552,3323,1329
1605,685198997565345792,2486,735
1606,685169283572338688,4376,1564
1607,684969860808454144,2453,421
1608,684959798585110529,7129,3428
1609,684940049151070208,3443,1149
1610,684926975086034944,3749,519
1611,684914660081053696,3737,1604
1612,684902183876321280,2005,585
1613,684880619965411328,2246,907
1614,684830982659280897,37565,23663
1615,684800227459624960,2901,1088
1616,684594889858887680,9564,3874
1617,684588130326986752,4403,1545
1618,684567543613382656,3217,1355
1619,684538444857667585,2836,1057
1620,684481074559381504,4134,1282
1621,684460069371654144,2110,609
1622,684241637099323392,8728,3617
1623,684225744407494656,1323,232
1624,684222868335505415,4110,1519
1625,684200372118904832,2321,1131
1626,684195085588783105,2046,569
1627,684188786104872960,3718,1289
1628,684177701129875456,2153,737
1629,684147889187209216,3178,1640
1630,684122891630342144,2127,522
1631,684097758874210310,4391,1573
1632,683857920510050305,4054,1224
1633,683852578183077888,2054,385
1634,683849932751646720,2805,1076
1635,683834909291606017,2801,1212
1636,683828599284170753,2978,1158
1637,683773439333797890,3577,1486
1638,683742671509258241,6966,3656
1639,683515932363329536,7878,3186
1640,683498322573824003,3380,1052
1641,683481228088049664,2811,1088
1642,683462770029932544,2605,734
1643,683449695444799489,4160,1762
1644,683391852557561860,8128,2614
1645,683357973142474752,3144,1033
1646,683142553609318400,3077,1143
1647,683111407806746624,3633,1000
1648,683098815881154561,2312,717
1649,683078886620553216,2124,617
1650,683030066213818368,2304,803
1651,682962037429899265,39608,18345
1652,682808988178739200,1891,203
1653,682788441537560576,2641,1226
1654,682750546109968385,1625,479
1655,682697186228989953,1405,393
1656,682662431982772225,3253,1174
1657,682638830361513985,2198,658
1658,682429480204398592,3658,1272
1659,682406705142087680,8097,1937
1660,682393905736888321,2379,748
1661,682389078323662849,1784,511
1662,682303737705140231,3290,1093
1663,682259524040966145,4451,1340
1664,682242692827447297,3471,1298
1665,682088079302213632,19603,10894
1666,682059653698686977,5299,1858
1667,682047327939461121,3431,1061
1668,682032003584274432,7030,2210
1669,682003177596559360,3363,1672
1670,681981167097122816,2958,1129
1671,681891461017812993,2634,911
1672,681694085539872773,13649,4430
1673,681679526984871937,1874,488
1674,681654059175129088,2819,1019
1675,681610798867845120,2040,518
1676,681579835668455424,3787,1438
1677,681523177663676416,15303,6391
1678,681340665377193984,1748,303
1679,681339448655802368,9912,4441
1680,681320187870711809,2834,836
1681,681302363064414209,4217,2007
1682,681297372102656000,3398,1048
1683,681281657291280384,3427,1208
1684,681261549936340994,1553,299
1685,681242418453299201,1594,597
1686,681231109724700672,2551,528
1687,681193455364796417,3957,1633
1688,680970795137544192,2586,725
1689,680959110691590145,4859,2171
1690,680940246314430465,3441,1159
1691,680934982542561280,2217,482
1692,680913438424612864,2552,677
1693,680889648562991104,1881,401
1694,680836378243002368,3675,1460
1695,680805554198020098,2315,723
1696,680801747103793152,2526,904
1697,680798457301471234,3049,1141
1698,680609293079592961,2809,783
1699,680583894916304897,3841,1467
1700,680497766108381184,4512,2094
1701,680494726643068929,1827,528
1702,680473011644985345,2702,817
1703,680440374763077632,1549,552
1704,680221482581123072,1553,316
1705,680206703334408192,3021,1286
1706,680191257256136705,2291,558
1707,680176173301628928,4160,1707
1708,680161097740095489,2467,801
1709,680145970311643136,3853,1903
1710,680130881361686529,2448,1040
1711,680115823365742593,2889,998
1712,680100725817409536,3803,1497
1713,680085611152338944,13636,9731
1714,680070545539371008,2736,962
1715,680055455951884288,17811,7798
1716,679877062409191424,2092,705
1717,679872969355714560,2314,723
1718,679862121895714818,2626,683
1719,679854723806179328,3065,1353
1720,679844490799091713,2528,854
1721,679828447187857408,38655,15336
1722,679777920601223168,3287,1224
1723,679736210798047232,2228,876
1724,679729593985699840,2307,902
1725,679722016581222400,1765,517
1726,679530280114372609,5066,2270
1727,679527802031484928,2820,798
1728,679511351870550016,3598,1404
1729,679503373272485890,3367,1619
1730,679475951516934144,2241,701
1731,679462823135686656,33873,20611
1732,679405845277462528,2536,1320
1733,679158373988876288,22911,8876
1734,679148763231985668,2949,1124
1735,679132435750195208,3156,1270
1736,679111216690831360,6350,2801
1737,679062614270468097,18222,8987
1738,679047485189439488,2402,749
1739,679001094530465792,3002,1345
1740,678991772295516161,2476,1280
1741,678969228704284672,1742,503
1742,678800283649069056,2738,984
1743,678798276842360832,3713,1298
1744,678774928607469569,2959,1006
1745,678767140346941444,3757,1497
1746,678764513869611008,1736,524
1747,678755239630127104,7609,3623
1748,678740035362037760,3989,1862
1749,678708137298427904,5911,2660
1750,678675843183484930,3048,1626
1751,678643457146150913,2178,467
1752,678446151570427904,4246,1720
1753,678424312106393600,5762,2778
1754,678410210315247616,4506,1990
1755,678399652199309312,61610,30156
1756,678396796259975168,1687,456
1757,678389028614488064,1983,459
1758,678380236862578688,2583,986
1759,678341075375947776,1832,589
1760,678334497360859136,1378,292
1761,678278586130948096,12198,6624
1762,678255464182861824,1682,405
1763,678023323247357953,2042,424
1764,678021115718029313,14588,6933
1765,677961670166224897,3619,1827
1766,677918531514703872,1433,445
1767,677895101218201600,5126,2304
1768,677716515794329600,3230,1061
1769,677700003327029250,3589,1562
1770,677698403548192770,1293,348
1771,677687604918272002,2621,916
1772,677673981332312066,3536,1627
1773,677662372920729601,2067,1063
1774,677644091929329666,1987,866
1775,677573743309385728,2266,794
1776,677565715327688705,1361,496
1777,677557565589463040,2576,1266
1778,677547928504967168,7343,3943
1779,677530072887205888,1126,243
1780,677335745548390400,3233,1943
1781,677334615166730240,1436,320
1782,677331501395156992,1151,257
1783,677328882937298944,3847,1629
1784,677314812125323265,1740,586
1785,677301033169788928,1318,449
1786,677269281705472000,2101,766
1787,677228873407442944,3740,1773
1788,677187300187611136,2888,997
1789,676975532580409345,2933,1162
1790,676957860086095872,2327,880
1791,676949632774234114,1373,428
1792,676948236477857792,2291,948
1793,676946864479084545,1797,410
1794,676942428000112642,2196,828
1795,676936541936185344,13441,5332
1796,676916996760600576,3136,1943
1797,676897532954456065,2377,785
1798,676864501615042560,2227,780
1799,676821958043033607,24398,16940
1800,676819651066732545,1903,718
1801,676811746707918848,1499,457
1802,676776431406465024,5266,2175
1803,676617503762681856,3059,1066
1804,676613908052996102,1148,210
1805,676606785097199616,1986,476
1806,676603393314578432,1232,424
1807,676593408224403456,4824,2335
1808,676590572941893632,974,139
1809,676588346097852417,2462,864
1810,676582956622721024,1270,305
1811,676575501977128964,2725,1215
1812,676533798876651520,1980,602
1813,676496375194980353,1594,577
1814,676470639084101634,12266,5059
1815,676440007570247681,1815,725
1816,676430933382295552,1469,373
1817,676263575653122048,2184,591
1818,676237365392908289,1286,318
1819,676219687039057920,78993,33620
1820,676215927814406144,1827,635
1821,676191832485810177,2393,1109
1822,676146341966438401,2015,721
1823,676121918416756736,2254,1258
1824,676101918813499392,2954,1247
1825,676098748976615425,3172,1558
1826,676089483918516224,1377,462
1827,675898130735476737,1718,624
1828,675891555769696257,2238,943
1829,675888385639251968,2503,1036
1830,675878199931371520,4401,1517
1831,675870721063669760,1726,609
1832,675853064436391936,2833,1403
1833,675849018447167488,989,165
1834,675845657354215424,2394,962
1835,675822767435051008,1603,572
1836,675820929667219457,1099,247
1837,675798442703122432,10790,3649
1838,675781562965868544,1695,510
1839,675740360753160193,1218,373
1840,675710890956750848,1987,896
1841,675707330206547968,2089,744
1842,675706639471788032,676,103
1843,675534494439489536,1899,451
1844,675531475945709568,1238,414
1845,675522403582218240,1085,307
1846,675517828909424640,1372,491
1847,675501075957489664,17990,6249
1848,675497103322386432,3295,1394
1849,675489971617296384,1361,639
1850,675483430902214656,1934,1043
1851,675432746517426176,1591,609
1852,675372240448454658,1790,544
1853,675362609739206656,1099,246
1854,675354435921575936,34361,18426
1855,675349384339542016,4122,2431
1856,675334060156301312,2916,1387
1857,675166823650848770,3786,1737
1858,675153376133427200,6597,2796
1859,675149409102012420,3907,1805
1860,675147105808306176,989,258
1861,675146535592706048,1248,334
1862,675145476954566656,2236,965
1863,675135153782571009,1359,528
1864,675113801096802304,2046,839
1865,675111688094527488,1004,270
1866,675109292475830276,2916,1212
1867,675047298674663426,1108,352
1868,675015141583413248,2826,1283
1869,675006312288268288,1018,242
1870,675003128568291329,1617,504
1871,674999807681908736,2352,1185
1872,674805413498527744,899,379
1873,674800520222154752,3139,922
1874,674793399141146624,2616,1171
1875,674790488185167872,1150,270
1876,674788554665512960,845,222
1877,674781762103414784,2099,1294
1878,674774481756377088,1184,510
1879,674767892831932416,1914,856
1880,674764817387900928,823,256
1881,674754018082705410,1420,479
1882,674752233200820224,1532,497
1883,674743008475090944,1462,585
1884,674742531037511680,512,54
1885,674739953134403584,1168,422
1886,674737130913071104,671,99
1887,674690135443775488,1192,499
1888,674670581682434048,1682,694
1889,674664755118911488,958,271
1890,674646392044941312,1492,535
1891,674644256330530816,1072,293
1892,674638615994089473,1744,621
1893,674632714662858753,1561,613
1894,674606911342424069,980,107
1895,674468880899788800,6486,2203
1896,674447403907457024,1107,382
1897,674436901579923456,1160,419
1898,674422304705744896,1484,565
1899,674416750885273600,708,148
1900,674410619106390016,1244,499
1901,674394782723014656,1558,612
1902,674372068062928900,883,329
1903,674330906434379776,582,77
1904,674318007229923329,1471,551
1905,674307341513269249,11805,7394
1906,674291837063053312,15387,6305
1907,674271431610523648,1632,772
1908,674269164442398721,932,242
1909,674265582246694913,1704,898
1910,674262580978937856,1350,488
1911,674255168825880576,1523,599
1912,674082852460433408,780,180
1913,674075285688614912,1016,305
1914,674063288070742018,6616,2372
1915,674053186244734976,3464,1391
1916,674051556661161984,1509,510
1917,674045139690631169,1471,684
1918,674042553264685056,747,136
1919,674038233588723717,1142,436
1920,674036086168010753,875,233
1921,674024893172875264,1865,1304
1922,674019345211760640,1175,320
1923,674014384960745472,1629,689
1924,674008982932058114,1245,373
1925,673956914389192708,2030,1028
1926,673919437611909120,1213,387
1927,673906403526995968,3317,1734
1928,673887867907739649,970,267
1929,673716320723169284,3200,812
1930,673715861853720576,3694,2226
1931,673711475735838725,1078,316
1932,673709992831262724,881,293
1933,673708611235921920,1114,308
1934,673707060090052608,1142,416
1935,673705679337693185,1303,419
1936,673700254269775872,1488,605
1937,673697980713705472,3951,2084
1938,673689733134946305,1808,688
1939,673688752737402881,1312,524
1940,673686845050527744,1499,463
1941,673680198160809984,1421,495
1942,673662677122719744,1297,383
1943,673656262056419329,742,257
1944,673636718965334016,1160,394
1945,673612854080196609,1646,770
1946,673583129559498752,1232,391
1947,673580926094458881,859,281
1948,673576835670777856,1432,594
1949,673363615379013632,1057,328
1950,673359818736984064,1508,708
1951,673355879178194945,1545,622
1952,673352124999274496,1712,572
1953,673350198937153538,758,223
1954,673345638550134785,2617,1365
1955,673343217010679808,1007,282
1956,673342308415348736,1316,628
1957,673320132811366400,14031,8420
1958,673317986296586240,896,280
1959,673295268553605120,7806,3360
1960,673270968295534593,1101,392
1961,673240798075449344,1469,769
1962,673213039743795200,2340,896
1963,673148804208660480,1767,665
1964,672997845381865473,2034,760
1965,672995267319328768,990,314
1966,672988786805112832,1007,305
1967,672984142909456390,1289,572
1968,672980819271634944,1872,1051
1969,672975131468300288,1748,969
1970,672970152493887488,990,375
1971,672968025906282496,1363,579
1972,672964561327235073,1472,678
1973,672902681409806336,1414,532
1974,672898206762672129,921,443
1975,672884426393653248,1609,876
1976,672877615439593473,1065,391
1977,672834301050937345,1364,606
1978,672828477930868736,1301,515
1979,672640509974827008,1008,340
1980,672622327801233409,1340,520
1981,672614745925664768,1270,619
1982,672609152938721280,1151,409
1983,672604026190569472,1153,429
1984,672594978741354496,1371,638
1985,672591762242805761,985,349
1986,672591271085670400,754,197
1987,672538107540070400,1064,391
1988,672523490734551040,672,181
1989,672488522314567680,1152,461
1990,672482722825261057,1175,638
1991,672481316919734272,737,128
1992,672475084225949696,1490,739
1993,672466075045466113,1406,570
1994,672272411274932228,6684,3575
1995,672267570918129665,1550,643
1996,672264251789176834,1187,359
1997,672256522047614977,2914,1646
1998,672254177670729728,1477,779
1999,672248013293752320,1787,637
2000,672245253877968896,708,164
2001,672239279297454080,924,335
2002,672231046314901505,1909,1060
2003,672222792075620352,813,223
2004,672205392827572224,2334,1216
2005,672169685991993344,1053,390
2006,672160042234327040,900,381
2007,672139350159835138,1811,764
2008,672125275208069120,2492,1207
2009,672095186491711488,1030,386
2010,672082170312290304,977,385
2011,672068090318987265,1342,543
2012,671896809300709376,8767,4375
2013,671891728106971137,1377,593
2014,671882082306625538,3590,1451
2015,671879137494245376,1473,727
2016,671874878652489728,1293,582
2017,671866342182637568,1164,525
2018,671855973984772097,949,478
2019,671789708968640512,7312,3678
2020,671768281401958400,1236,551
2021,671763349865160704,1745,974
2022,671744970634719232,1396,812
2023,671743150407421952,764,240
2024,671735591348891648,1497,789
2025,671729906628341761,8851,4609
2026,671561002136281088,13317,7650
2027,671550332464455680,947,219
2028,671547767500775424,1408,630
2029,671544874165002241,2067,1106
2030,671542985629241344,1131,596
2031,671538301157904385,958,416
2032,671536543010570240,1223,429
2033,671533943490011136,1061,609
2034,671528761649688577,872,272
2035,671520732782923777,1450,559
2036,671518598289059840,979,306
2037,671511350426865664,1671,767
2038,671504605491109889,7299,3729
2039,671497587707535361,955,472
2040,671488513339211776,1048,494
2041,671486386088865792,605,215
2042,671485057807351808,788,243
2043,671390180817915904,1467,778
2044,671362598324076544,1159,308
2045,671357843010908160,415,155
2046,671355857343524864,495,118
2047,671347597085433856,1006,457
2048,671186162933985280,762,227
2049,671182547775299584,1160,361
2050,671166507850801152,904,374
2051,671163268581498880,1722,1171
2052,671159727754231808,387,86
2053,671154572044468225,745,228
2054,671151324042559489,695,161
2055,671147085991960577,697,241
2056,671141549288370177,1212,689
2057,671138694582165504,964,425
2058,671134062904504320,773,204
2059,671122204919246848,3624,2670
2060,671115716440031232,1404,812
2061,671109016219725825,1187,460
2062,670995969505435648,1147,306
2063,670842764863651840,25448,9259
2064,670840546554966016,617,206
2065,670838202509447168,1155,733
2066,670833812859932673,461,132
2067,670832455012716544,761,230
2068,670826280409919488,5771,4298
2069,670823764196741120,801,201
2070,670822709593571328,632,102
2071,670815497391357952,3293,1637
2072,670811965569282048,1168,283
2073,670807719151067136,1187,519
2074,670804601705242624,2041,1002
2075,670803562457407488,351,92
2076,670797304698376195,755,248
2077,670792680469889025,864,292
2078,670789397210615808,686,252
2079,670786190031921152,624,212
2080,670783437142401025,848,417
2081,670782429121134593,1629,822
2082,670780561024270336,803,301
2083,670778058496974848,339,76
2084,670764103623966721,1112,448
2085,670755717859713024,464,120
2086,670733412878163972,993,535
2087,670727704916926465,864,387
2088,670717338665226240,1258,522
2089,670704688707301377,787,390
2090,670691627984359425,609,255
2091,670679630144274432,775,307
2092,670676092097810432,260,45
2093,670668383499735048,11122,5323
2094,670474236058800128,1584,809
2095,670468609693655041,363,89
2096,670465786746662913,1005,584
2097,670452855871037440,567,219
2098,670449342516494336,1233,708
2099,670444955656130560,6941,2085
2100,670442337873600512,674,206
2101,670435821946826752,1090,553
2102,670434127938719744,1455,683
2103,670433248821026816,333,120
2104,670428280563085312,1439,672
2105,670427002554466305,537,174
2106,670421925039075328,1362,676
2107,670420569653809152,654,331
2108,670417414769758208,586,340
2109,670411370698022913,2115,953
2110,670408998013820928,575,235
2111,670403879788544000,449,165
2112,670385711116361728,579,226
2113,670374371102445568,764,283
2114,670361874861563904,336,70
2115,670338931251150849,442,118
2116,670319130621435904,3986,1300
2117,670303360680108032,440,143
2118,670290420111441920,734,299
2119,670093938074779648,1068,356
2120,670086499208155136,724,264
2121,670079681849372674,2306,1330
2122,670073503555706880,1623,835
2123,670069087419133954,654,257
2124,670061506722140161,792,364
2125,670055038660800512,693,349
2126,670046952931721218,671,187
2127,670040295598354432,780,117
2128,670037189829525505,608,296
2129,670003130994700288,344,97
2130,669993076832759809,337,88
2131,669972011175813120,459,170
2132,669970042633789440,312,64
2133,669942763794931712,526,177
2134,669926384437997569,389,111
2135,669923323644657664,242,61
2136,669753178989142016,839,425
2137,669749430875258880,282,68
2138,669684865554620416,539,92
2139,669683899023405056,406,116
2140,669682095984410625,365,138
2141,669680153564442624,693,303
2142,669661792646373376,835,461
2143,669625907762618368,3668,1906
2144,669603084620980224,983,390
2145,669597912108789760,529,160
2146,669583744538451968,1545,985
2147,669573570759163904,449,152
2148,669571471778410496,1640,1056
2149,669567591774625800,241,60
2150,669564461267722241,398,130
2151,669393256313184256,376,81
2152,669375718304980992,1385,763
2153,669371483794317312,513,188
2154,669367896104181761,473,166
2155,669363888236994561,645,242
2156,669359674819481600,380,131
2157,669354382627049472,2799,1338
2158,669353438988365824,668,268
2159,669351434509529089,456,198
2160,669328503091937280,1043,439
2161,669327207240699904,595,121
2162,669324657376567296,512,216
2163,669216679721873412,932,405
2164,669214165781868544,457,178
2165,669203728096960512,1045,501
2166,669037058363662336,676,327
2167,669015743032369152,765,390
2168,669006782128353280,593,263
2169,669000397445533696,21588,6703
2170,668994913074286592,455,247
2171,668992363537309700,772,367
2172,668989615043424256,704,342
2173,668988183816871936,933,499
2174,668986018524233728,570,176
2175,668981893510119424,560,325
2176,668979806671884288,819,372
2177,668975677807423489,1357,616
2178,668967877119254528,152,25
2179,668960084974809088,731,250
2180,668955713004314625,289,74
2181,668932921458302977,277,60
2182,668902994700836864,328,106
2183,668892474547511297,410,160
2184,668872652652679168,546,313
2185,668852170888998912,468,174
2186,668826086256599040,452,147
2187,668815180734689280,589,285
2188,668779399630725120,728,395
2189,668655139528511488,548,229
2190,668645506898350081,930,569
2191,668643542311546881,920,557
2192,668641109086707712,1117,561
2193,668636665813057536,1082,510
2194,668633411083464705,2922,1738
2195,668631377374486528,743,338
2196,668627278264475648,329,120
2197,668625577880875008,406,140
2198,668623201287675904,1500,824
2199,668620235289837568,214,45
2200,668614819948453888,630,332
2201,668587383441514497,1722,1142
2202,668567822092664832,252,61
2203,668544745690562560,538,239
2204,668542336805281792,479,225
2205,668537837512433665,256,78
2206,668528771708952576,480,236
2207,668507509523615744,335,113
2208,668496999348633600,423,139
2209,668484198282485761,440,248
2210,668480044826800133,477,155
2211,668466899341221888,914,543
2212,668297328638447616,638,313
2213,668291999406125056,258,34
2214,668286279830867968,521,143
2215,668274247790391296,852,241
2216,668268907921326080,573,250
2217,668256321989451776,1350,649
2218,668248472370458624,1024,511
2219,668237644992782336,6420,2984
2220,668226093875376128,315,110
2221,668221241640230912,525,209
2222,668204964695683073,568,203
2223,668190681446379520,671,204
2224,668171859951755264,506,202
2225,668154635664932864,511,330
2226,668142349051129856,579,301
2227,668113020489474048,686,255
2228,667937095915278337,1317,832
2229,667924896115245057,309,116
2230,667915453470232577,217,58
2231,667911425562669056,509,316
2232,667902449697558528,872,390
2233,667886921285246976,1952,1145
2234,667885044254572545,845,508
2235,667878741721415682,403,124
2236,667873844930215936,650,426
2237,667866724293877760,3091,1079
2238,667861340749471744,250,81
2239,667832474953625600,294,65
2240,667806454573760512,1087,522
2241,667801013445750784,338,98
2242,667793409583771648,717,343
2243,667782464991965184,423,253
2244,667773195014021121,240,59
2245,667766675769573376,457,228
2246,667728196545200128,384,156
2247,667724302356258817,502,332
2248,667550904950915073,0,35
2249,667550882905632768,0,33
2250,667549055577362432,5963,2389
2251,667546741521195010,340,129
2252,667544320556335104,890,547
2253,667538891197542400,209,69
2254,667534815156183040,843,558
2255,667530908589760512,488,252
2256,667524857454854144,1748,1162
2257,667517642048163840,376,198
2258,667509364010450944,6964,2211
2259,667502640335572993,544,227
2260,667495797102141441,540,286
2261,667491009379606528,547,236
2262,667470559035432960,264,100
2263,667455448082227200,195,65
2264,667453023279554560,320,93
2265,667443425659232256,803,604
2266,667437278097252352,459,248
2267,667435689202614272,310,85
2268,667405339315146752,475,225
2269,667393430834667520,198,58
2270,667369227918143488,373,168
2271,667211855547486208,501,250
2272,667200525029539841,625,271
2273,667192066997374976,396,109
2274,667188689915760640,758,430
2275,667182792070062081,14697,6437
2276,667177989038297088,192,57
2277,667176164155375616,623,473
2278,667174963120574464,253,86
2279,667171260800061440,226,93
2280,667165590075940865,2745,1185
2281,667160273090932737,262,65
2282,667152164079423490,48905,17729
2283,667138269671505920,4721,2297
2284,667119796878725120,333,131
2285,667090893657276420,338,130
2286,667073648344346624,411,126
2287,667070482143944705,85,14
2288,667065535570550784,168,49
2289,667062181243039745,220,56
2290,667044094246576128,188,51
2291,667012601033924608,454,232
2292,666996132027977728,247,97
2293,666983947667116034,2601,1012
2294,666837028449972224,835,566
2295,666835007768551424,218,80
2296,666826780179869698,257,98
2297,666817836334096384,526,258
2298,666804364988780544,244,94
2299,666786068205871104,774,496
2300,666781792255496192,394,203
2301,666776908487630848,359,178
2302,666739327293083650,239,66
2303,666701168228331520,436,223
2304,666691418707132416,189,48
2305,666649482315059201,893,590
2306,666644823164719104,232,85
2307,666454714377183233,525,212
2308,666447344410484738,105,21
2309,666437273139982337,128,49
2310,666435652385423360,168,54
2311,666430724426358785,321,199
2312,666428276349472768,166,84
2313,666421158376562688,319,112
2314,666418789513326592,127,47
2315,666411507551481857,449,328
2316,666407126856765440,110,41
2317,666396247373291520,166,86
2318,666373753744588802,189,93
2319,666362758909284353,780,574
2320,666353288456101888,221,73
2321,666345417576210432,297,139
2322,666337882303524864,198,92
2323,666293911632134144,508,357
2324,666287406224695296,147,67
2325,666273097616637952,175,76
2326,666268910803644416,104,35
2327,666104133288665088,14361,6638
2328,666102155909144576,80,13
2329,666099513787052032,157,68
2330,666094000022159362,164,75
2331,666082916733198337,119,45
2332,666073100786774016,322,164
2333,666071193221509120,148,62
2334,666063827256086533,477,221
2335,666058600524156928,112,57
2336,666057090499244032,298,142
2337,666055525042405380,436,253
2338,666051853826850816,1224,853
2339,666050758794694657,132,58
2340,666049248165822465,108,41
2341,666044226329800704,299,141
2342,666033412701032449,125,45
2343,666029285002620928,129,47
2344,666020888022790149,2563,517
